56 21
0	0.00001	0.00005	0.00010	0.00050	0.00100	0.00200	0.00300	0.00400	0.00500	0.00600	0.00700	0.00800	0.00900	0.01000	0.02000	0.03000	0.05000	0.10000	0.20000	0.40000
1	0.00001	0.00005	0.00010	0.00050	0.00100	0.00200	0.00301	0.00402	0.00503	0.00604	0.00705	0.00806	0.00908	0.01010	0.02041	0.03093	0.05263	0.11111	0.25000	0.66667
2	0.00448	0.01005	0.01425	0.03213	0.04576	0.06534	0.08064	0.09373	0.10540	0.11608	0.12600	0.13532	0.14416	0.15259	0.22347	0.28155	0.38132	0.59543	1.00000	2.00000
3	0.03980	0.06849	0.08683	0.15170	0.19384	0.24872	0.28851	0.32099	0.34900	0.37395	0.39664	0.41757	0.43711	0.45549	0.60221	0.71513	0.89940	1.27080	1.92990	3.47980
4	0.12855	0.19554	0.23471	0.36236	0.43927	0.53503	0.60209	0.65568	0.70120	0.74124	0.77729	0.81029	0.84085	0.86942	1.09230	1.25890	1.52460	2.04540	2.94520	5.02100
5	0.27584	0.38851	0.45195	0.64857	0.76212	0.89986	0.99446	1.06920	1.13200	1.18700	1.23620	1.28100	1.32230	1.36080	1.65710	1.87520	2.21850	2.88110	4.01040	6.59550
6	0.47596	0.63923	0.72826	0.99567	1.14590	1.32520	1.44680	1.54210	1.62180	1.69120	1.75310	1.80930	1.86100	1.90900	2.27590	2.54310	2.96030	3.75840	5.10860	8.19070
7	0.72378	0.93919	1.05410	1.39220	1.57860	1.79840	1.94630	2.06140	2.15750	2.24080	2.31490	2.38200	2.44370	2.50090	2.93540	3.24970	3.73780	4.66620	6.23020	9.79980
8	1.01330	1.28160	1.42190	1.82980	2.05130	2.31060	2.48370	2.61810	2.72990	2.82660	2.91250	2.99020	3.06150	3.12760	3.62710	3.98650	4.54300	5.59710	7.36920	11.41900
9	1.33910	1.65950	1.82560	2.30160	2.55750	2.85490	3.05260	3.20570	3.33260	3.44220	3.53950	3.62740	3.70800	3.78250	4.34470	4.74790	5.37020	6.54640	8.52170	13.04500
10	1.69700	2.06890	2.26010	2.80280	3.09200	3.42650	3.64800	3.81900	3.96070	4.08290	4.19110	4.28890	4.37840	4.46120	5.08400	5.52940	6.21570	7.51060	9.68500	14.67700
11	2.08490	2.50590	2.72160	3.32940	3.65110	4.02150	4.26610	4.45450	4.61040	4.74470	4.86370	4.97090	5.06910	5.15990	5.84150	6.32800	7.07640	8.48710	10.85700	16.31400
12	2.49580	2.96710	3.20720	3.87810	4.23140	4.63680	4.90380	5.10920	5.27890	5.42500	5.55430	5.67080	5.77740	5.87600	6.61470	7.14100	7.95010	9.47400	12.03600	17.95400
13	2.92940	3.45000	3.71360	4.44650	4.83060	5.27000	5.55880	5.78070	5.96380	6.12140	6.26070	6.38630	6.50110	6.60720	7.40150	7.96670	8.83490	10.47000	13.22200	19.59800
14	3.38340	3.95230	4.23880	5.03240	5.44640	5.91900	6.22910	6.46700	6.66320	6.83200	6.98110	7.11550	7.23820	7.35170	8.20030	8.80350	9.72950	11.47300	14.41300	21.24300
15	3.85590	4.47210	4.78120	5.63390	6.07720	6.58220	6.91300	7.16650	7.37550	7.55520	7.71390	7.85680	7.98740	8.10800	9.00960	9.65000	10.63300	12.48400	15.60800	22.89100
16	4.34530	5.00790	5.33900	6.24960	6.72150	7.25820	7.60910	7.87800	8.09950	8.28980	8.45790	8.60920	8.74740	8.87500	9.82840	10.50500	11.54400	13.50000	16.80700	24.54100
17	4.85020	5.55830	5.91100	6.87820	7.37810	7.94570	8.31640	8.60030	8.83400	9.03470	9.21190	9.37140	9.51710	9.65160	10.65600	11.36800	12.46100	14.52200	18.01000	26.19200
18	5.36930	6.12200	6.49590	7.51860	8.04590	8.64370	9.03390	9.33240	9.57800	9.78890	9.97510	10.14300	10.29600	10.43700	11.49100	12.23800	13.38500	15.54800	19.21600	27.84400
19	5.90160	6.69800	7.09270	8.16980	8.72390	9.35150	9.76060	10.07300	10.33100	10.55200	10.74700	10.92200	11.08200	11.23000	12.33300	13.11500	14.31500	16.57900	20.42400	29.49800
20	6.44600	7.28540	7.70050	8.83100	9.41150	10.06800	10.49600	10.82300	11.09200	11.32200	11.52600	11.70900	11.87600	12.03100	13.18200	13.99700	15.24900	17.61300	21.63500	31.15200
21	7.00170	7.88340	8.31860	9.50140	10.10800	10.79300	11.23900	11.58000	11.86000	12.10000	12.31200	12.50300	12.67700	12.83800	14.03600	14.88500	16.18900	18.65100	22.84800	32.80800
22	7.56800	8.49260	8.94620	10.18000	10.81200	11.52500	11.98900	12.34400	12.63500	12.88500	13.10500	13.30300	13.48400	13.65100	14.89600	15.77800	17.13200	19.69200	24.06400	34.46400
23	8.14430	9.10950	9.58260	10.86800	11.52400	12.26500	12.74600	13.11400	13.41600	13.67600	13.90400	14.11000	14.29700	14.47000	15.76100	16.67500	18.08000	20.73700	25.28100	36.12100
24	8.72980	9.73510	10.22700	11.56200	12.24300	13.01100	13.51000	13.89100	14.20400	14.47200	14.70900	14.92200	15.11600	15.29500	16.63100	17.57700	19.03100	21.78400	26.49900	37.77900
25	9.32400	10.36900	10.88000	12.26400	12.96900	13.76300	14.27900	14.67300	14.99700	15.27400	15.51900	15.73900	15.93900	16.12500	17.50500	18.48300	19.98500	22.83300	27.72000	39.43700
26	9.92650	11.01000	11.54000	12.97200	13.70100	14.52200	15.05400	15.46100	15.79500	16.08100	16.33400	16.56100	16.76800	16.95900	18.38300	19.39200	20.94300	23.88500	28.94100	41.09600
27	10.53700	11.65900	12.20700	13.68600	14.43900	15.28500	15.83500	16.25400	16.59800	16.89300	17.15300	17.38700	17.60100	17.79700	19.26500	20.30500	21.90400	24.93900	30.16400	42.75500
28	11.15400	12.31400	12.88000	14.40600	15.18200	16.05400	16.62000	17.05100	17.40600	17.70900	17.97700	18.21800	18.43800	18.64000	20.15000	21.22100	22.86700	25.99500	31.38800	44.41400
29	11.77900	12.97600	13.56000	15.13200	15.93000	16.82800	17.41000	17.85300	18.21800	18.53000	18.80500	19.05300	19.27900	19.48700	21.03900	22.14000	23.83300	27.05300	32.61400	46.07400
30	12.41700	13.64400	14.24600	15.86300	16.68400	17.60600	18.20400	18.66000	19.03400	19.35500	19.63700	19.89100	20.12300	20.33700	21.93200	23.06200	24.80200	28.11300	33.84000	47.73500
31	13.05400	14.31800	14.93700	16.59900	17.44200	18.38900	19.00200	19.47000	19.85400	20.18300	20.47300	20.73400	20.97200	21.19100	22.82700	23.98700	25.77300	29.17400	35.06700	49.39500
32	13.69700	14.99800	15.63300	17.34000	18.20500	19.17600	19.80500	20.28400	20.67800	21.01500	21.31200	21.58000	21.82300	22.04800	23.72500	24.91400	26.74600	30.23700	36.29500	51.05600
33	14.34600	15.68200	16.33500	18.08500	18.97200	19.96600	20.61100	21.10200	21.50500	21.85000	22.15500	22.42900	22.67800	22.90900	24.62600	25.84400	27.72100	31.30100	37.52400	52.71800
34	15.00100	16.37200	17.04100	18.83500	19.74300	20.76100	21.42100	21.92300	22.33600	22.68900	23.00100	23.28100	23.53600	23.77200	25.52900	26.77600	28.69800	32.36700	38.75400	54.37900
35	15.66000	17.06700	17.75200	19.58900	20.51700	21.55900	22.23400	22.74800	23.16900	23.53100	23.84900	24.13600	24.39700	24.63800	26.43500	27.71100	29.67700	33.43400	39.98500	56.04100
36	16.32500	17.76600	18.46800	20.34700	21.29600	22.36100	23.05000	23.57500	24.00600	24.37600	24.70100	24.99400	25.26100	25.50700	27.34300	28.64700	30.65700	34.50300	41.21600	57.70300
37	16.99500	18.47000	19.18800	21.10800	22.07800	23.16600	23.87000	24.40600	24.84600	25.22300	25.55600	25.85400	26.12700	26.37800	28.25400	29.58500	31.64000	35.57200	42.44800	59.36500
38	17.66900	19.17800	19.91100	21.87300	22.86400	23.97400	24.69200	25.24000	25.68900	26.07400	26.41300	26.71800	26.99600	27.25200	29.16600	30.52600	32.62400	36.64300	43.68000	61.02800
39	18.34800	19.89000	20.64000	22.64200	23.65200	24.78500	25.51800	26.07600	26.53400	26.92600	27.27200	27.58300	27.86700	28.12900	30.08100	31.46800	33.60900	37.71500	44.91300	62.69000
40	19.03100	20.60600	21.37200	23.41400	24.44400	25.59900	26.34600	26.91500	27.38200	27.78200	28.13400	28.45100	28.74100	29.00700	30.99700	32.41200	34.59600	38.78700	46.14700	64.35300
41	19.71800	21.32600	22.10700	24.18900	25.23900	26.41600	27.17700	27.75600	28.23200	28.64000	28.99900	29.32200	29.61600	29.88800	31.91600	33.35700	35.58400	39.86100	47.38100	66.01600
42	20.40900	22.04900	22.84600	24.96700	26.03700	27.23500	28.01000	28.60000	29.08500	29.50000	29.86600	30.19400	30.49400	30.77100	32.83600	34.30500	36.57400	40.93600	48.61600	67.67900
43	21.10400	22.77600	23.58700	25.74800	26.83700	28.05700	28.84600	29.44700	29.94000	30.36200	30.73400	31.06900	31.37400	31.65600	33.75800	35.25300	37.56500	42.01100	49.85100	69.34200
44	21.80300	23.50700	24.33300	26.53200	27.64100	28.88200	29.68400	30.29500	30.79700	31.22700	31.60500	31.94600	32.25600	32.54300	34.68200	36.20300	38.55700	43.08800	51.08600	71.00600
45	22.50500	24.24000	25.08100	27.31900	28.44700	29.70800	30.52500	31.14600	31.65600	32.09300	32.47800	32.82400	33.14000	33.43200	35.60700	37.15500	39.55000	44.16500	52.32200	72.66900
46	23.21100	24.97700	25.83300	28.10900	29.25500	30.53800	31.36700	31.99900	32.51700	32.96200	33.35300	33.70500	34.02600	34.32200	36.53400	38.10800	40.54500	45.24300	53.55900	74.33300
47	23.92100	25.71700	26.58700	28.90100	30.06600	31.36900	32.21200	32.85400	33.38100	33.83200	34.23000	34.58700	34.91300	35.21500	37.46200	39.06200	41.54000	46.32200	54.79600	75.99700
48	24.63300	26.46000	27.34400	29.69600	30.87900	32.20300	33.05900	33.71100	34.24600	34.70400	35.10800	35.47100	35.80300	36.10900	38.39200	40.01800	42.53700	47.40100	56.03300	77.66000
49	25.34900	27.20600	28.10400	30.49300	31.69400	33.03900	33.90800	34.57000	35.11300	35.57800	35.98800	36.35700	36.69400	37.00400	39.32300	40.97500	43.53400	48.48100	57.27000	79.32400
50	26.06700	27.95400	28.86700	31.29200	32.51200	33.87600	34.75900	35.43100	35.98200	36.45400	36.87000	37.24500	37.58600	37.90100	40.25500	41.93300	44.53300	49.56200	58.50800	80.98800
51	26.787	28.706	29.631	32.094	33.332	34.716	35.611	36.293	36.852	37.331	37.754	38.134	38.480	38.800	41.189	42.892	45.533	50.644	59.746	82.652
52	27.511	29.459	30.399	32.898	34.153	35.558	36.466	37.157	37.724	38.211	38.639	39.024	39.376	39.700	42.124	43.852	46.533	51.726	60.985	84.317
53	28.239	30.216	31.169	33.704	34.977	36.401	37.322	38.023	38.598	39.091	39.526	39.916	40.273	40.602	43.06	44.813	47.534	52.808	62.224	85.981
54	28.969	30.975	31.942	34.512	35.803	37.247	38.18	38.891	39.474	39.973	40.414	40.810	41.171	41.505	43.997	45.776	48.536	53.891	63.463	87.645
55	29.702	31.736	32.717	35.322	36.630	38.094	39.040	39.760	40.351	40.857	41.303	41.705	42.071	42.409	44.936	46.739	49.539	54.975	64.702	89.310
