5
19
24
355 355 355 355 355 355 355 355 355 354 354 354 354 354 353 353 353 352 352 351 350 349 348 347
355 355 355 355 355 355 355 355 354 354 354 354 354 354 353 353 353 352 352 351 350 349 348 347
355 355 355 354 354 354 354 354 354 354 354 354 354 354 353 353 352 352 351 351 350 349 348 347
354 354 354 354 354 354 354 354 354 354 354 354 353 353 353 353 352 352 351 351 350 349 348 347
354 354 354 354 354 354 354 354 354 354 353 353 353 353 353 352 352 351 351 350 350 349 348 347
353 353 353 353 353 353 353 353 353 353 353 353 353 352 352 352 351 351 350 350 349 348 348 347
353 353 353 353 353 353 353 353 353 353 352 352 352 352 352 351 351 350 350 349 349 348 347 347
352 352 352 352 352 352 352 352 352 352 352 352 351 351 351 350 350 350 349 349 348 347 347 347
351 351 351 351 351 351 351 351 351 351 351 351 350 350 350 350 349 349 348 348 347 347 347 347
350 350 350 350 350 350 350 350 350 350 350 350 349 349 349 349 348 348 348 347 347 347 347 346
349 349 349 349 349 349 349 349 349 349 349 349 348 348 348 348 347 347 347 347 347 346 346 345
348 348 348 348 348 348 348 348 348 348 347 347 347 347 347 347 347 347 346 346 346 345 345 344
347 347 347 347 347 347 347 347 347 347 347 347 347 346 346 346 346 345 345 345 344 344 344 343
346 346 346 346 345 345 345 345 345 345 345 345 345 345 344 344 344 344 343 343 343 343 342 342
343 343 343 343 343 343 343 343 343 343 343 343 343 342 342 342 342 342 341 341 341 341 341 340
340 340 340 340 340 340 340 340 340 340 340 340 340 340 340 339 339 339 339 339 339 338 338 338
336 336 336 336 336 336 336 336 336 336 336 336 336 336 336 336 336 336 335 335 335 335 335 335
330 330 330 330 330 330 330 330 330 330 330 330 330 330 330 330 330 329 329 329 329 329 329 329
248 248 248 248 248 248 248 248 248 248 248 248 248 248 248 248 248 248 248 248 248 248 248 248
162 162 162 162 162 162 162 162 162 161 161 161 161 161 160 160 160 159 159 158 157 156 155 154
162 162 162 162 162 162 162 162 161 161 161 161 161 161 160 160 160 159 159 158 157 156 155 154
162 162 162 161 161 161 161 161 161 161 161 161 161 161 160 160 159 159 158 158 157 156 155 154
161 161 161 161 161 161 161 161 161 161 161 161 160 160 160 160 159 159 158 158 157 156 155 154
161 161 161 161 161 161 161 161 161 161 160 160 160 160 160 159 159 158 158 157 157 156 155 154
160 160 160 160 160 160 160 160 160 160 160 160 160 159 159 159 158 158 157 157 156 155 155 154
160 160 160 160 160 160 160 160 160 160 159 159 159 159 159 158 158 157 157 156 156 155 154 154
159 159 159 159 159 159 159 159 159 159 159 159 158 158 158 157 157 157 156 156 155 154 154 154
158 158 158 158 158 158 158 158 158 158 158 158 157 157 157 157 156 156 155 155 154 154 154 154
157 157 157 157 157 157 157 157 157 157 157 157 156 156 156 156 155 155 155 154 154 154 154 153
156 156 156 156 156 156 156 156 156 156 156 156 155 155 155 155 154 154 154 154 154 153 153 152
155 155 155 155 155 155 155 155 155 155 154 154 154 154 154 154 154 154 153 153 153 152 152 151
154 154 154 154 154 154 154 154 154 154 154 154 154 153 153 153 153 152 152 152 151 151 151 150
153 153 153 153 152 152 152 152 152 152 152 152 152 152 151 151 151 151 150 150 150 150 149 149
150 150 150 150 150 150 150 150 150 150 150 150 150 149 149 149 149 149 148 148 148 148 148 147
147 147 147 147 147 147 147 147 147 147 147 147 147 147 147 146 146 146 146 146 146 145 145 145
143 143 143 143 143 143 143 143 143 143 143 143 143 143 143 143 143 143 142 142 142 142 142 142
137 137 137 137 137 137 137 137 137 137 137 137 137 137 137 137 137 136 136 136 136 136 136 136
55 55 55 55 55 55 55 55 55 55 55 55 55 55 55 55 55 55 55 55 55 55 55 55
135 135 135 135 135 135 135 135 135 134 134 134 134 134 133 133 133 132 132 131 130 129 128 127
135 135 135 135 135 135 135 135 134 134 134 134 134 134 133 133 133 132 132 131 130 129 128 127
135 135 135 134 134 134 134 134 134 134 134 134 134 134 133 133 132 132 131 131 130 129 128 127
134 134 134 134 134 134 134 134 134 134 134 134 133 133 133 133 132 132 131 131 130 129 128 127
134 134 134 134 134 134 134 134 134 134 133 133 133 133 133 132 132 131 131 130 130 129 128 127
133 133 133 133 133 133 133 133 133 133 133 133 133 132 132 132 131 131 130 130 129 128 128 127
133 133 133 133 133 133 133 133 133 133 132 132 132 132 132 131 131 130 130 129 129 128 127 127
132 132 132 132 132 132 132 132 132 132 132 132 131 131 131 130 130 130 129 129 128 127 127 127
131 131 131 131 131 131 131 131 131 131 131 131 130 130 130 130 129 129 128 128 127 127 127 127
130 130 130 130 130 130 130 130 130 130 130 130 129 129 129 129 128 128 128 127 127 127 127 126
129 129 129 129 129 129 129 129 129 129 129 129 128 128 128 128 127 127 127 127 127 126 126 125
128 128 128 128 128 128 128 128 128 128 127 127 127 127 127 127 127 127 126 126 126 125 125 124
127 127 127 127 127 127 127 127 127 127 127 127 127 126 126 126 126 125 125 125 124 124 124 123
126 126 126 126 125 125 125 125 125 125 125 125 125 125 124 124 124 124 123 123 123 123 122 122
123 123 123 123 123 123 123 123 123 123 123 123 123 122 122 122 122 122 121 121 121 121 121 120
120 120 120 120 120 120 120 120 120 120 120 120 120 120 120 119 119 119 119 119 119 118 118 118
116 116 116 116 116 116 116 116 116 116 116 116 116 116 116 116 116 116 115 115 115 115 115 115
110 110 110 110 110 110 110 110 110 110 110 110 110 110 110 110 110 109 109 109 109 109 109 109
28 28 28 28 28 28 28 28 28 28 28 28 28 28 28 28 28 28 28 28 28 28 28 28
118 118 118 118 118 118 118 118 118 117 117 117 117 117 116 116 116 115 115 114 113 112 111 110
118 118 118 118 118 118 118 118 117 117 117 117 117 117 116 116 116 115 115 114 113 112 111 110
118 118 118 117 117 117 117 117 117 117 117 117 117 117 116 116 115 115 114 114 113 112 111 110
117 117 117 117 117 117 117 117 117 117 117 117 116 116 116 116 115 115 114 114 113 112 111 110
117 117 117 117 117 117 117 117 117 117 116 116 116 116 116 115 115 114 114 113 113 112 111 110
116 116 116 116 116 116 116 116 116 116 116 116 116 115 115 115 114 114 113 113 112 111 111 110
116 116 116 116 116 116 116 116 116 116 115 115 115 115 115 114 114 113 113 112 112 111 110 110
115 115 115 115 115 115 115 115 115 115 115 115 114 114 114 113 113 113 112 112 111 110 110 110
114 114 114 114 114 114 114 114 114 114 114 114 113 113 113 113 112 112 111 111 110 110 110 110
113 113 113 113 113 113 113 113 113 113 113 113 112 112 112 112 111 111 111 110 110 110 110 109
112 112 112 112 112 112 112 112 112 112 112 112 111 111 111 111 110 110 110 110 110 109 109 108
111 111 111 111 111 111 111 111 111 111 110 110 110 110 110 110 110 110 109 109 109 108 108 107
110 110 110 110 110 110 110 110 110 110 110 110 110 109 109 109 109 108 108 108 107 107 107 106
109 109 109 109 108 108 108 108 108 108 108 108 108 108 107 107 107 107 106 106 106 106 105 105
106 106 106 106 106 106 106 106 106 106 106 106 106 105 105 105 105 105 104 104 104 104 104 103
103 103 103 103 103 103 103 103 103 103 103 103 103 103 103 102 102 102 102 102 102 101 101 101
99 99 99 99 99 99 99 99 99 99 99 99 99 99 99 99 99 99 98 98 98 98 98 98
93 93 93 93 93 93 93 93 93 93 93 93 93 93 93 93 93 92 92 92 92 92 92 92
11 11 11 11 11 11 11 11 11 11 11 11 11 11 11 11 11 11 11 11 11 11 11 11
107 107 107 107 107 107 107 107 107 106 106 106 106 106 105 105 105 104 104 103 102 101 100 99
107 107 107 107 107 107 107 107 106 106 106 106 106 106 105 105 105 104 104 103 102 101 100 99
107 107 107 106 106 106 106 106 106 106 106 106 106 106 105 105 104 104 103 103 102 101 100 99
106 106 106 106 106 106 106 106 106 106 106 106 105 105 105 105 104 104 103 103 102 101 100 99
106 106 106 106 106 106 106 106 106 106 105 105 105 105 105 104 104 103 103 102 102 101 100 99
105 105 105 105 105 105 105 105 105 105 105 105 105 104 104 104 103 103 102 102 101 100 100 99
105 105 105 105 105 105 105 105 105 105 104 104 104 104 104 103 103 102 102 101 101 100 99 99
104 104 104 104 104 104 104 104 104 104 104 104 103 103 103 102 102 102 101 101 100 99 99 99
103 103 103 103 103 103 103 103 103 103 103 103 102 102 102 102 101 101 100 100 99 99 99 99
102 102 102 102 102 102 102 102 102 102 102 102 101 101 101 101 100 100 100 99 99 99 99 98
101 101 101 101 101 101 101 101 101 101 101 101 100 100 100 100 99 99 99 99 99 98 98 97
100 100 100 100 100 100 100 100 100 100 99 99 99 99 99 99 99 99 98 98 98 97 97 96
99 99 99 99 99 99 99 99 99 99 99 99 99 98 98 98 98 97 97 97 96 96 96 95
98 98 98 98 97 97 97 97 97 97 97 97 97 97 96 96 96 96 95 95 95 95 94 94
95 95 95 95 95 95 95 95 95 95 95 95 95 94 94 94 94 94 93 93 93 93 93 92
92 92 92 92 92 92 92 92 92 92 92 92 92 92 92 91 91 91 91 91 91 90 90 90
88 88 88 88 88 88 88 88 88 88 88 88 88 88 88 88 88 88 87 87 87 87 87 87
82 82 82 82 82 82 82 82 82 82 82 82 82 82 82 82 82 81 81 81 81 81 81 81
0 0 0 0 0 0 0 0 0 0 0 0 0 0 0 0 0 0 0 0 0 0 0 0
-347 2280