5
19
24
347 347 347 347 347 347 347 347 347 346 346 346 346 346 345 345 345 344 344 343 342 341 340 339
347 347 347 347 347 347 347 347 346 346 346 346 346 346 345 345 345 344 344 343 342 341 340 339
347 347 347 346 346 346 346 346 346 346 346 346 346 346 345 345 344 344 343 343 342 341 340 339
346 346 346 346 346 346 346 346 346 346 346 346 345 345 345 345 344 344 343 343 342 341 340 339
346 346 346 346 346 346 346 346 346 346 345 345 345 345 345 344 344 343 343 342 342 341 340 339
345 345 345 345 345 345 345 345 345 345 345 345 345 344 344 344 343 343 342 342 341 340 340 339
345 345 345 345 345 345 345 345 345 345 344 344 344 344 344 343 343 342 342 341 341 340 339 339
344 344 344 344 344 344 344 344 344 344 344 344 343 343 343 342 342 342 341 341 340 339 339 339
343 343 343 343 343 343 343 343 343 343 343 343 342 342 342 342 341 341 340 340 339 339 339 339
342 342 342 342 342 342 342 342 342 342 342 342 341 341 341 341 340 340 340 339 339 339 339 338
341 341 341 341 341 341 341 341 341 341 341 341 340 340 340 340 339 339 339 339 339 338 338 337
340 340 340 340 340 340 340 340 340 340 339 339 339 339 339 339 339 339 338 338 338 337 337 336
339 339 339 339 339 339 339 339 339 339 339 339 339 338 338 338 338 337 337 337 336 336 336 335
338 338 338 338 337 337 337 337 337 337 337 337 337 337 336 336 336 336 335 335 335 335 334 334
335 335 335 335 335 335 335 335 335 335 335 335 335 334 334 334 334 334 333 333 333 333 333 332
332 332 332 332 332 332 332 332 332 332 332 332 332 332 332 331 331 331 331 331 331 330 330 330
328 328 328 328 328 328 328 328 328 328 328 328 328 328 328 328 328 328 327 327 327 327 327 327
322 322 322 322 322 322 322 322 322 322 322 322 322 322 322 322 322 321 321 321 321 321 321 321
240 240 240 240 240 240 240 240 240 240 240 240 240 240 240 240 240 240 240 240 240 240 240 240
163 163 163 163 163 163 163 163 163 162 162 162 162 162 161 161 161 160 160 159 158 157 156 155
163 163 163 163 163 163 163 163 162 162 162 162 162 162 161 161 161 160 160 159 158 157 156 155
163 163 163 162 162 162 162 162 162 162 162 162 162 162 161 161 160 160 159 159 158 157 156 155
162 162 162 162 162 162 162 162 162 162 162 162 161 161 161 161 160 160 159 159 158 157 156 155
162 162 162 162 162 162 162 162 162 162 161 161 161 161 161 160 160 159 159 158 158 157 156 155
161 161 161 161 161 161 161 161 161 161 161 161 161 160 160 160 159 159 158 158 157 156 156 155
161 161 161 161 161 161 161 161 161 161 160 160 160 160 160 159 159 158 158 157 157 156 155 155
160 160 160 160 160 160 160 160 160 160 160 160 159 159 159 158 158 158 157 157 156 155 155 155
159 159 159 159 159 159 159 159 159 159 159 159 158 158 158 158 157 157 156 156 155 155 155 155
158 158 158 158 158 158 158 158 158 158 158 158 157 157 157 157 156 156 156 155 155 155 155 154
157 157 157 157 157 157 157 157 157 157 157 157 156 156 156 156 155 155 155 155 155 154 154 153
156 156 156 156 156 156 156 156 156 156 155 155 155 155 155 155 155 155 154 154 154 153 153 152
155 155 155 155 155 155 155 155 155 155 155 155 155 154 154 154 154 153 153 153 152 152 152 151
154 154 154 154 153 153 153 153 153 153 153 153 153 153 152 152 152 152 151 151 151 151 150 150
151 151 151 151 151 151 151 151 151 151 151 151 151 150 150 150 150 150 149 149 149 149 149 148
148 148 148 148 148 148 148 148 148 148 148 148 148 148 148 147 147 147 147 147 147 146 146 146
144 144 144 144 144 144 144 144 144 144 144 144 144 144 144 144 144 144 143 143 143 143 143 143
138 138 138 138 138 138 138 138 138 138 138 138 138 138 138 138 138 137 137 137 137 137 137 137
56 56 56 56 56 56 56 56 56 56 56 56 56 56 56 56 56 56 56 56 56 56 56 56
135 135 135 135 135 135 135 135 135 134 134 134 134 134 133 133 133 132 132 131 130 129 128 127
135 135 135 135 135 135 135 135 134 134 134 134 134 134 133 133 133 132 132 131 130 129 128 127
135 135 135 134 134 134 134 134 134 134 134 134 134 134 133 133 132 132 131 131 130 129 128 127
134 134 134 134 134 134 134 134 134 134 134 134 133 133 133 133 132 132 131 131 130 129 128 127
134 134 134 134 134 134 134 134 134 134 133 133 133 133 133 132 132 131 131 130 130 129 128 127
133 133 133 133 133 133 133 133 133 133 133 133 133 132 132 132 131 131 130 130 129 128 128 127
133 133 133 133 133 133 133 133 133 133 132 132 132 132 132 131 131 130 130 129 129 128 127 127
132 132 132 132 132 132 132 132 132 132 132 132 131 131 131 130 130 130 129 129 128 127 127 127
131 131 131 131 131 131 131 131 131 131 131 131 130 130 130 130 129 129 128 128 127 127 127 127
130 130 130 130 130 130 130 130 130 130 130 130 129 129 129 129 128 128 128 127 127 127 127 126
129 129 129 129 129 129 129 129 129 129 129 129 128 128 128 128 127 127 127 127 127 126 126 125
128 128 128 128 128 128 128 128 128 128 127 127 127 127 127 127 127 127 126 126 126 125 125 124
127 127 127 127 127 127 127 127 127 127 127 127 127 126 126 126 126 125 125 125 124 124 124 123
126 126 126 126 125 125 125 125 125 125 125 125 125 125 124 124 124 124 123 123 123 123 122 122
123 123 123 123 123 123 123 123 123 123 123 123 123 122 122 122 122 122 121 121 121 121 121 120
120 120 120 120 120 120 120 120 120 120 120 120 120 120 120 119 119 119 119 119 119 118 118 118
116 116 116 116 116 116 116 116 116 116 116 116 116 116 116 116 116 116 115 115 115 115 115 115
110 110 110 110 110 110 110 110 110 110 110 110 110 110 110 110 110 109 109 109 109 109 109 109
28 28 28 28 28 28 28 28 28 28 28 28 28 28 28 28 28 28 28 28 28 28 28 28
119 119 119 119 119 119 119 119 119 118 118 118 118 118 117 117 117 116 116 115 114 113 112 111
119 119 119 119 119 119 119 119 118 118 118 118 118 118 117 117 117 116 116 115 114 113 112 111
119 119 119 118 118 118 118 118 118 118 118 118 118 118 117 117 116 116 115 115 114 113 112 111
118 118 118 118 118 118 118 118 118 118 118 118 117 117 117 117 116 116 115 115 114 113 112 111
118 118 118 118 118 118 118 118 118 118 117 117 117 117 117 116 116 115 115 114 114 113 112 111
117 117 117 117 117 117 117 117 117 117 117 117 117 116 116 116 115 115 114 114 113 112 112 111
117 117 117 117 117 117 117 117 117 117 116 116 116 116 116 115 115 114 114 113 113 112 111 111
116 116 116 116 116 116 116 116 116 116 116 116 115 115 115 114 114 114 113 113 112 111 111 111
115 115 115 115 115 115 115 115 115 115 115 115 114 114 114 114 113 113 112 112 111 111 111 111
114 114 114 114 114 114 114 114 114 114 114 114 113 113 113 113 112 112 112 111 111 111 111 110
113 113 113 113 113 113 113 113 113 113 113 113 112 112 112 112 111 111 111 111 111 110 110 109
112 112 112 112 112 112 112 112 112 112 111 111 111 111 111 111 111 111 110 110 110 109 109 108
111 111 111 111 111 111 111 111 111 111 111 111 111 110 110 110 110 109 109 109 108 108 108 107
110 110 110 110 109 109 109 109 109 109 109 109 109 109 108 108 108 108 107 107 107 107 106 106
107 107 107 107 107 107 107 107 107 107 107 107 107 106 106 106 106 106 105 105 105 105 105 104
104 104 104 104 104 104 104 104 104 104 104 104 104 104 104 103 103 103 103 103 103 102 102 102
100 100 100 100 100 100 100 100 100 100 100 100 100 100 100 100 100 100 99 99 99 99 99 99
94 94 94 94 94 94 94 94 94 94 94 94 94 94 94 94 94 93 93 93 93 93 93 93
12 12 12 12 12 12 12 12 12 12 12 12 12 12 12 12 12 12 12 12 12 12 12 12
107 107 107 107 107 107 107 107 107 106 106 106 106 106 105 105 105 104 104 103 102 101 100 99
107 107 107 107 107 107 107 107 106 106 106 106 106 106 105 105 105 104 104 103 102 101 100 99
107 107 107 106 106 106 106 106 106 106 106 106 106 106 105 105 104 104 103 103 102 101 100 99
106 106 106 106 106 106 106 106 106 106 106 106 105 105 105 105 104 104 103 103 102 101 100 99
106 106 106 106 106 106 106 106 106 106 105 105 105 105 105 104 104 103 103 102 102 101 100 99
105 105 105 105 105 105 105 105 105 105 105 105 105 104 104 104 103 103 102 102 101 100 100 99
105 105 105 105 105 105 105 105 105 105 104 104 104 104 104 103 103 102 102 101 101 100 99 99
104 104 104 104 104 104 104 104 104 104 104 104 103 103 103 102 102 102 101 101 100 99 99 99
103 103 103 103 103 103 103 103 103 103 103 103 102 102 102 102 101 101 100 100 99 99 99 99
102 102 102 102 102 102 102 102 102 102 102 102 101 101 101 101 100 100 100 99 99 99 99 98
101 101 101 101 101 101 101 101 101 101 101 101 100 100 100 100 99 99 99 99 99 98 98 97
100 100 100 100 100 100 100 100 100 100 99 99 99 99 99 99 99 99 98 98 98 97 97 96
99 99 99 99 99 99 99 99 99 99 99 99 99 98 98 98 98 97 97 97 96 96 96 95
98 98 98 98 97 97 97 97 97 97 97 97 97 97 96 96 96 96 95 95 95 95 94 94
95 95 95 95 95 95 95 95 95 95 95 95 95 94 94 94 94 94 93 93 93 93 93 92
92 92 92 92 92 92 92 92 92 92 92 92 92 92 92 91 91 91 91 91 91 90 90 90
88 88 88 88 88 88 88 88 88 88 88 88 88 88 88 88 88 88 87 87 87 87 87 87
82 82 82 82 82 82 82 82 82 82 82 82 82 82 82 82 82 81 81 81 81 81 81 81
0 0 0 0 0 0 0 0 0 0 0 0 0 0 0 0 0 0 0 0 0 0 0 0
-339 2280