10
100
2
2
0
90
18
106
97
3
63 350 19 18
732 61 19 18
729 562 19 18
48
48
0 0 0 0
1
0 2
1 1 0 0
1
0 2
2 2 0 0
1
0 2
3 3 0 0
2
0 2
2 1
4 4 0 0
2
0 2
2 1
5 5 0 0
1
2 1
6 6 0 0
1
2 1
7 7 0 0
1
2 0
8 0 1 0
1
0 2
9 1 1 0
1
0 2
10 2 1 0
1
0 2
11 3 1 10
2
0 2
2 0
12 4 1 0
2
0 2
2 0
13 5 1 0
2
1 1
2 0
14 6 1 0
2
1 1
2 0
15 7 1 0
2
1 1
2 0
16 0 2 10
1
0 0
17 1 2 10
1
0 2
18 2 2 30
1
0 2
19 3 2 20
2
0 2
2 0
20 4 2 20
3
0 2
1 1
2 0
21 5 2 10
2
1 1
2 0
22 6 2 0
2
1 1
2 0
23 7 2 0
2
1 1
2 0
24 0 3 0
1
0 0
25 1 3 0
1
0 0
26 2 3 0
1
0 0
27 3 3 0
2
0 0
1 1
28 4 3 17
3
0 0
1 1
2 0
29 5 3 0
2
1 1
2 0
30 6 3 0
2
1 1
2 0
31 7 3 0
2
1 1
2 0
32 0 4 10
1
0 0
33 1 4 0
1
0 0
34 2 4 10
1
0 0
35 3 4 0
2
0 0
1 1
36 4 4 0
2
0 0
1 1
37 5 4 10
2
1 1
2 0
38 6 4 0
2
1 1
2 0
39 7 4 0
2
1 1
2 0
40 0 5 180
1
0 0
41 1 5 50
1
0 0
42 2 5 0
1
0 0
43 3 5 20
2
0 0
1 1
44 4 5 20
1
1 1
45 5 5 150
1
1 1
46 6 5 10
1
1 1
47 7 5 0
1
1 0
206.16 860.23 700.00
229.13 781.02 600.00
287.23 707.11 500.00
364.01 640.31 400.00
450.00 583.1 300.00
540.83 538.52 200.00
634.43 509.9 100.00
729.73 500.00 0.00
111.8 806.23 707.11
150.00 721.11 608.28
229.13 640.31 509.9
320.16 565.69 412.31
415.33 500.00 316.23
512.35 447.21 223.61
610.33 412.31 141.42
708.87 400.00 100.00
50.00 761.58 728.01
111.8 670.82 632.46
206.16 583.1 538.52
304.14 500.00 447.21
403.11 424.26 360.56
502.49 360.56 282.84
602.08 316.23 223.61
701.78 300.00 200.00
111.8 728.01 761.58
150.00 632.46 670.82
229.13 538.52 583.1
320.16 447.21 500.00
415.33 360.56 424.26
512.35 282.84 360.56
610.33 223.61 316.23
708.87 200.00 300.00
206.16 707.11 806.23
229.13 608.28 721.11
287.23 509.9 640.31
364.01 412.31 565.69
450.00 316.23 500.00
540.83 223.61 447.21
634.43 141.42 412.31
729.73 100.00 400.00
304.14 700.00 860.23
320.16 600.00 781.02
364.01 500.00 707.11
427.2 400.00 640.31
502.49 300.00 583.1
585.23 200.00 538.52
672.68 100.00 509.9
763.22 0.00 500.00
3 -1 -1
3 -1 -1
3 -1 -1
4 -1 5
5 -1 4
-1 -1 3
-1 -1 2
-1 -1 1
2 -1 -1
2 -1 -1
3 -1 -1
4 -1 5
5 -1 4
-1 5 3
-1 5 2
-1 5 2
1 -1 -1
2 -1 -1
3 -1 -1
4 -1 5
5 5 4
-1 4 3
-1 4 3
-1 4 3
2 -1 -1
2 -1 -1
3 -1 -1
4 5 -1
5 4 5
-1 3 4
-1 3 4
-1 3 4
3 -1 -1
3 -1 -1
3 -1 -1
4 5 -1
5 4 -1
-1 3 5
-1 2 5
-1 2 5
4 -1 -1
4 -1 -1
4 -1 -1
5 5 -1
-1 4 -1
-1 3 -1
-1 2 -1
-1 1 -1
0 0 0 1 0 0 1 0 0
0 0 1 0 1 1 0 1 1
0 1 0 0 1 1 0 1 1
1 0 0 0 0 0 1 0 0
0 1 1 0 0 1 0 1 1
0 1 1 0 1 0 0 1 1
1 0 0 1 0 0 0 0 0
0 1 1 0 1 1 0 0 0
0 1 1 0 1 1 0 0 0
1 0 0
1 0 0
1 0 0
1 0 1
1 0 1
0 0 1
0 0 1
0 0 1
1 0 0
1 0 0
1 0 0
1 0 1
1 0 1
0 1 1
0 1 1
0 1 1
1 0 0
1 0 0
1 0 0
1 0 1
1 1 1
0 1 1
0 1 1
0 1 1
1 0 0
1 0 0
1 0 0
1 1 0
1 1 1
0 1 1
0 1 1
0 1 1
1 0 0
1 0 0
1 0 0
1 1 0
1 1 0
0 1 1
0 1 1
0 1 1
1 0 0
1 0 0
1 0 0
1 1 0
0 1 0
0 1 0
0 1 0
0 1 0
