15
80
0
7
0
90
17
20
43
3
87 255 50 5
225 151 50 10
157 198 51 11
32
0 0 0 10
1
0 2
1 1 0 40
1
0 2
2 2 0 50
1
0 2
8 0 1 30
3
0 2
1 1
2 2
9 1 1 10
3
0 2
1 2
2 2
10 2 1 50
3
0 2
1 2
2 2
11 3 1 20
3
0 2
1 2
2 2
12 4 1 100
1
1 2
16 0 2 10
3
0 2
1 1
2 2
17 1 2 10
3
0 2
1 2
2 2
18 2 2 10
3
0 2
1 2
2 2
19 3 2 10
3
0 2
1 2
2 2
20 4 2 100
2
1 2
2 2
21 5 2 60
1
1 2
24 0 3 10
3
0 0
1 1
2 1
25 1 3 0
3
0 0
1 1
2 2
26 2 3 20
3
0 0
1 2
2 2
27 3 3 20
3
0 0
1 2
2 2
28 4 3 100
2
1 2
2 2
29 5 3 100
1
1 2
32 0 4 10
3
0 0
1 1
2 1
33 1 4 0
3
0 0
1 1
2 0
34 2 4 30
3
0 0
1 0
2 0
35 3 4 40
3
0 0
1 0
2 0
36 4 4 210
2
1 0
2 0
37 5 4 0
1
1 0
40 0 5 70
3
0 0
1 1
2 1
41 1 5 20
3
0 0
1 1
2 0
42 2 5 20
3
0 0
1 0
2 0
43 3 5 10
3
0 0
1 0
2 0
44 4 5 20
2
1 0
2 0
45 5 5 30
1
1 0
300.00 447.21 412.31
316.23 412.31 400.00
360.56 400.00 412.31
200.00 360.56 316.23
223.61 316.23 300.00
282.84 300.00 316.23
360.56 316.23 360.56
447.21 360.56 424.26
100.00 282.84 223.61
141.42 223.61 200.00
223.61 200.00 223.61
316.23 223.61 282.84
412.31 282.84 360.56
509.9 360.56 447.21
0.00 223.61 141.42
100.00 141.42 100.00
200.00 100.00 141.42
300.00 141.42 223.61
400.00 223.61 316.23
500.00 316.23 412.31
100.00 200.00 100.00
141.42 100.00 0.00
223.61 0.00 100.00
316.23 100.00 200.00
412.31 200.00 300.00
509.9 300.00 400.00
200.00 223.61 141.42
223.61 141.42 100.00
282.84 100.00 141.42
360.56 141.42 223.61
447.21 223.61 316.23
538.52 316.23 412.31
0 0 0 1 0 0 1 0 0
0 0 1 0 1 1 0 1 1
0 1 0 0 1 1 0 1 1
1 0 0 0 0 0 1 0 0
0 1 1 0 0 1 0 1 1
0 1 1 0 1 0 0 1 1
1 0 0 1 0 0 0 1 0
0 1 1 0 1 1 1 0 0
0 1 1 0 1 1 0 0 0
1 0 0
1 0 0
1 0 0
1 1 1
1 1 1
1 1 1
1 1 1
0 1 0
1 1 1
1 1 1
1 1 1
1 1 1
0 1 1
0 1 0
1 1 1
1 1 1
1 1 1
1 1 1
0 1 1
0 1 0
1 1 1
1 1 1
1 1 1
1 1 1
0 1 1
0 1 0
1 1 1
1 1 1
1 1 1
1 1 1
0 1 1
0 1 0
