10
100
3
7
0
90
17
106
99
3
0 4 50 15
2 5 50 16
2 3 50 17
48
41
0 0 0 0
2
0 2
2 1
1 1 0 0
2
0 2
2 2
2 2 0 0
2
0 2
2 2
3 3 0 0
1
2 2
4 4 0 10
1
2 2
5 5 0 0
1
2 2
8 0 1 0
3
0 2
1 2
2 1
9 1 1 10
3
0 2
1 2
2 2
10 2 1 0
3
0 2
1 2
2 2
11 3 1 70
3
0 2
1 2
2 2
12 4 1 70
2
1 2
2 2
13 5 1 230
1
2 2
14 6 1 0
1
2 2
16 0 2 0
3
0 2
1 1
2 1
17 1 2 10
3
0 2
1 2
2 1
18 2 2 50
3
0 2
1 2
2 2
19 3 2 40
3
0 2
1 2
2 2
20 4 2 50
3
0 2
1 2
2 2
21 5 2 70
2
1 2
2 2
22 6 2 0
1
2 2
24 0 3 0
3
0 2
1 1
2 1
25 1 3 10
3
0 2
1 2
2 1
26 2 3 70
3
0 2
1 2
2 0
27 3 3 30
3
0 2
1 2
2 0
28 4 3 60
3
0 2
1 2
2 0
29 5 3 70
2
1 2
2 0
30 6 3 0
2
1 2
2 0
32 0 4 0
3
0 0
1 1
2 1
33 1 4 30
3
0 0
1 1
2 1
34 2 4 20
3
0 0
1 2
2 0
35 3 4 560
3
0 0
1 2
2 0
36 4 4 120
3
0 0
1 2
2 0
37 5 4 60
2
1 2
2 0
38 6 4 0
2
1 2
2 0
40 0 5 0
3
0 0
1 1
2 1
41 1 5 10
3
0 0
1 1
2 0
42 2 5 0
3
0 0
1 0
2 0
43 3 5 40
3
0 0
1 0
2 0
44 4 5 20
3
0 0
1 0
2 0
45 5 5 0
2
1 0
2 0
46 6 5 0
2
1 0
2 0
403.11 538.52 360.56
415.33 509.9 316.23
450.00 500.00 300.00
502.49 509.9 316.23
567.89 538.52 360.56
642.26 583.1 424.26
722.84 640.31 500.00
807.77 707.11 583.1
304.14 447.21 282.84
320.16 412.31 223.61
364.01 400.00 200.00
427.2 412.31 223.61
502.49 447.21 282.84
585.23 500.00 360.56
672.68 565.69 447.21
763.22 640.31 538.52
206.16 360.56 223.61
229.13 316.23 141.42
287.23 300.00 100.00
364.01 316.23 141.42
450.00 360.56 223.61
540.83 424.26 316.23
634.43 500.00 412.31
729.73 583.1 509.9
111.8 282.84 200.00
150.00 223.61 100.00
229.13 200.00 0.00
320.16 223.61 100.00
415.33 282.84 200.00
512.35 360.56 300.00
610.33 447.21 400.00
708.87 538.52 500.00
50.00 223.61 223.61
111.8 141.42 141.42
206.16 100.00 100.00
304.14 141.42 141.42
403.11 223.61 223.61
502.49 316.23 316.23
602.08 412.31 412.31
701.78 509.9 509.9
111.8 200.00 282.84
150.00 100.00 223.61
229.13 0.00 200.00
320.16 100.00 223.61
415.33 200.00 282.84
512.35 300.00 360.56
610.33 400.00 447.21
708.87 500.00 538.52
5 -1 4
5 -1 4
5 -1 4
-1 -1 4
-1 -1 4
-1 -1 5
-1 -1 -1
-1 -1 -1
4 5 3
4 5 3
4 5 3
5 5 3
-1 5 3
-1 -1 4
-1 -1 5
-1 -1 -1
3 4 3
3 4 2
3 4 2
4 4 2
5 4 3
-1 5 4
-1 -1 5
-1 -1 -1
2 3 3
2 3 2
3 3 1
4 3 2
5 3 3
-1 4 4
-1 5 5
-1 -1 -1
1 3 3
2 2 2
3 2 2
4 2 2
5 3 3
-1 4 4
-1 5 5
-1 -1 -1
2 3 3
2 2 3
3 1 3
4 2 3
5 3 3
-1 4 4
-1 5 5
-1 -1 -1
1 0 0 1 0 0 1 0 0
0 1 0 0 1 0 0 1 0
0 0 1 0 0 1 0 0 1
1 0 0 1 0 0 1 0 0
0 1 0 0 1 0 0 1 0
0 0 1 0 0 1 0 0 1
1 0 0 1 0 0 1 1 1
0 1 0 0 1 0 1 1 1
0 0 1 0 0 1 1 1 1
1 0 1
1 0 1
1 0 1
0 0 1
0 0 1
0 0 1
1 1 1
1 1 1
1 1 1
1 1 1
0 1 1
0 0 1
0 0 1
1 1 1
1 1 1
1 1 1
1 1 1
1 1 1
0 1 1
0 0 1
1 1 1
1 1 1
1 1 1
1 1 1
1 1 1
0 1 1
0 1 1
1 1 1
1 1 1
1 1 1
1 1 1
1 1 1
0 1 1
0 1 1
1 1 1
1 1 1
1 1 1
1 1 1
1 1 1
0 1 1
0 1 1
