2675 143
2676 148
2677 148
2678 147
2679 147
2754 142
2755 159
2756 168
2757 168
2758 167
2759 163
2760 146
2834 142
2835 161
2836 193
2837 199
2838 196
2839 152
2840 132
2914 148
2915 168
2916 200
2917 395
2918 184
2919 153
2920 133
2994 148
2995 168
2996 194
2997 195
2998 184
2999 153
3000 133
3074 143
3075 160
3076 163
3077 163
3078 151
3079 150
3080 133
3155 143
3156 143
3157 143
3158 132
3159 133
172
85 171
86 145
87 172
88 169
89 172
90 144
93 137
94 142
95 145
96 144
98 145
99 172
100 352
101 169
102 142
103 145
104 167
105 172
106 171
107 142
109 145
110 167
111 172
112 171
114 145
115 172
116 169
117 172
118 144
119 145
120 172
121 352
122 169
123 142
125 145
126 172
127 352
128 169
129 145
130 167
131 172
132 171
133 145
135 145
136 172
137 169
138 172
139 144
141 145
142 172
143 169
144 172
145 145
146 172
147 352
148 169
149 142
152 137
153 142
154 145
155 145
156 144
158 137
159 142
160 145
161 145
162 172
163 169
164 172
165 144
169 145
170 167
171 172
172 171
173 142
174 145
175 167
176 172
178 137
179 142
180 145
185 145
186 172
187 352
188 169
189 142
190 145
191 172
192 352
53 141
154 144
155 144
156 144
157 144
158 139
159 142
160 144
161 144
162 172
163 169
164 172
165 144
166 127
167 129
168 129
169 145
170 167
171 172
172 171
173 141
174 145
175 167
176 172
177 144
178 137
179 141
180 144
181 144
182 128
183 117
184 129
185 144
186 172
187 352
188 169
189 141
190 144
191 172
192 352
